0 0
2 0.5
4 1
6 1
8 0.5
10 -0
12 -0.5
14 -1
16 -1.5
18 -2.5
20 -3.5
22 -4.5
24 -6
26 -8
28 -9.5
30 -11.5
32 -14.5
34 -19
36 -27
38 -37.5
40 -42.5
42 -45.5
44 -47.5
46 -49.5
48 -51
50 -52.5
52 -54
54 -55
56 -56.5
58 -57.5
60 -58.5
62 -59.5
64 -60.5
66 -61.5
68 -62.5
70 -64
72 -65
74 -66
76 -67.5
78 -68.5
80 -70.5
82 -72
84 -74
86 -76
88 -78
90 -81
92 -85
94 -95
96 -138
98 -141
100 -144
102 -146.5
104 -149
106 -151
108 -153
110 -155
112 -156.5
114 -158
116 -159.5
118 -161
120 -162
122 -163.5
124 -164
126 -165
128 -166
130 -167
132 -168
134 -169
136 -170
138 -170.5
140 -171.5
142 -172
144 -172.5
146 -173
148 -173.5
150 -173.5
152 -174
154 -174.5
156 -174.5
158 -174.5
160 -175
162 -175
164 -175
166 -174.5
168 -174.5
170 -174
172 -174
174 -173
176 -172
178 -170
180 -167
182 -161
184 -132
186 -127
188 -124
190 -121.5
192 -119
194 -116.5
196 -114
198 -111
200 -108
202 -103
204 -95
206 -82
208 -77
210 -74
212 -70.5
214 -67
216 -64
218 -60
220 -52.5
222 -26
224 -20
226 -16
228 -13
230 -11
232 -9
234 -7
236 -5
238 -3
240 -1.5
242 -1
244 -0
